Init Cell Counts
DC:  6.209570e+04
NK:  1.340546e+06
BC:  5.222655e+05
CD4:  2.114670e+06
CD8:  0
MC:  5.174188e+05
